CAD=1.491810
RUB=75.25596
CNY=7.845520
SAR=4.264960